1.00000000e+03 9.17072574e-01 4.99501305e-01 9.55282145e-01 4.02928948e-02 9.58068316e-01 4.09342946e-02 9.56645753e-01 4.01043684e-02 1.59022222e+03 7.42222222e+01
1.00000000e+03 9.23267869e-01 5.40287220e-01 9.58937322e-01 1.21170379e-01 9.60834439e-01 1.19740000e-01 9.59868094e-01 1.19708256e-01 1.59022222e+03 7.42222222e+01
1.00000000e+03 9.61823987e-01 7.34639412e-01 9.76549463e-01 5.80121954e-01 9.83691295e-01 4.85587528e-01 9.80098102e-01 5.25976318e-01 1.59022222e+03 7.42222222e+01
1.00000000e+03 9.77107572e-01 8.19586670e-01 9.83889869e-01 7.89620592e-01 9.92312543e-01 6.46860798e-01 9.88076955e-01 7.08305897e-01 1.59022222e+03 7.42222222e+01
1.00000000e+03 9.82934737e-01 8.63088741e-01 9.87670671e-01 8.59178413e-01 9.94571064e-01 7.31606417e-01 9.91103239e-01 7.87848659e-01 1.59022222e+03 7.42222222e+01
1.00000000e+03 9.86565265e-01 8.84295624e-01 9.89477548e-01 9.09501042e-01 9.96552493e-01 7.72038755e-01 9.92996449e-01 8.32350238e-01 1.59022222e+03 7.42222222e+01
1.00000000e+03 9.88363345e-01 9.03926966e-01 9.91225128e-01 9.17771142e-01 9.96654424e-01 8.11199509e-01 9.93926890e-01 8.58870118e-01 1.59022222e+03 7.42222222e+01
1.00000000e+03 9.89763053e-01 9.15447389e-01 9.92358993e-01 9.28164033e-01 9.96965111e-01 8.33929667e-01 9.94653798e-01 8.76999401e-01 1.59022222e+03 7.42222222e+01
1.00000000e+03 9.90930515e-01 9.23336529e-01 9.93050216e-01 9.40971602e-01 9.97489801e-01 8.49183257e-01 9.95262747e-01 8.91459434e-01 1.59022222e+03 7.42222222e+01
1.00000000e+03 9.90831247e-01 9.23534596e-01 9.93085625e-01 9.37185079e-01 9.97350375e-01 8.49718818e-01 9.95211267e-01 8.90040750e-01 1.59022222e+03 7.42222222e+01
1.00000000e+03 9.90999791e-01 9.26949857e-01 9.93358028e-01 9.36114549e-01 9.97246075e-01 8.56653639e-01 9.95296420e-01 8.93634468e-01 1.59022222e+03 7.42222222e+01
1.00000000e+03 9.90899826e-01 9.27452762e-01 9.93428807e-01 9.31412758e-01 9.97072240e-01 8.57833285e-01 9.95245009e-01 8.91956425e-01 1.59022222e+03 7.42222222e+01
1.00000000e+03 9.91469884e-01 9.30548868e-01 9.93711979e-01 9.37933908e-01 9.97386823e-01 8.63710913e-01 9.95544019e-01 8.98203280e-01 1.59022222e+03 7.42222222e+01
1.00000000e+03 9.91236193e-01 9.28719757e-01 9.93499920e-01 9.36795235e-01 9.97352579e-01 8.60086935e-01 9.95420916e-01 8.96049883e-01 1.59022222e+03 7.42222222e+01
